2000 1 1 0 32 46 186 237.0 
2000 1 1 0 32 46 416 244.0 
2000 1 1 0 32 46 447 244.0 
2000 1 1 0 32 46 476 245.0 
2000 1 1 0 32 46 541 248.0 
2000 1 1 0 32 46 630 251.0 
2000 1 1 0 32 46 719 256.0 
2000 1 1 0 32 46 808 262.0 
2000 1 1 0 32 46 897 268.0 
2000 1 1 0 32 46 985 275.0 
2000 1 1 0 32 47 74 281.0 
2000 1 1 0 32 47 163 288.0 
2000 1 1 0 32 47 252 294.0 
2000 1 1 0 32 47 341 301.0 
2000 1 1 0 32 47 430 304.0 
2000 1 1 0 32 47 519 316.0 
2000 1 1 0 32 47 607 319.0 
2000 1 1 0 32 47 696 324.0 
2000 1 1 0 32 47 785 335.0 
2000 1 1 0 32 47 874 339.0 
2000 1 1 0 32 47 962 347.0 
2000 1 1 0 32 48 51 355.0 
2000 1 1 0 32 48 140 367.0 
2000 1 1 0 32 48 229 373.0 
2000 1 1 0 32 48 317 380.0 
2000 1 1 0 32 48 406 382.0 
2000 1 1 0 32 48 495 393.0 
2000 1 1 0 32 48 584 395.0 
2000 1 1 0 32 48 673 400.0 
2000 1 1 0 32 48 761 406.0 
2000 1 1 0 32 48 850 416.0 
2000 1 1 0 32 48 939 420.0 
2000 1 1 0 32 49 27 418.0 
2000 1 1 0 32 49 116 415.0 
2000 1 1 0 32 49 205 411.0 
2000 1 1 0 32 49 294 402.0 
2000 1 1 0 32 49 383 389.0 
2000 1 1 0 32 49 471 370.0 
2000 1 1 0 32 49 560 356.0 
2000 1 1 0 32 49 649 336.0 
2000 1 1 0 32 49 737 316.0 
2000 1 1 0 32 49 826 299.0 
2000 1 1 0 32 49 917 283.0 
2000 1 1 0 32 50 3 288.0 
2000 1 1 0 32 50 92 300.0 
2000 1 1 0 32 50 180 319.0 
2000 1 1 0 32 50 269 336.0 
2000 1 1 0 32 50 358 349.0 
2000 1 1 0 32 50 446 370.0 
2000 1 1 0 32 50 535 381.0 
2000 1 1 0 32 50 624 396.0 
2000 1 1 0 32 50 713 415.0 
2000 1 1 0 32 50 801 417.0 
2000 1 1 0 32 50 890 412.0 
2000 1 1 0 32 50 979 399.0 
2000 1 1 0 32 51 68 380.0 
2000 1 1 0 32 51 156 364.0 
2000 1 1 0 32 51 245 354.0 
2000 1 1 0 32 51 334 340.0 
2000 1 1 0 32 51 422 322.0 
2000 1 1 0 32 51 511 309.0 
2000 1 1 0 32 51 600 298.0 
2000 1 1 0 32 51 689 300.0 
2000 1 1 0 32 51 778 305.0 
2000 1 1 0 32 51 866 319.0 
2000 1 1 0 32 51 955 337.0 
2000 1 1 0 32 52 44 346.0 
2000 1 1 0 32 52 133 362.0 
2000 1 1 0 32 52 222 378.0 
2000 1 1 0 32 52 310 398.0 
2000 1 1 0 32 52 399 413.0 
2000 1 1 0 32 52 488 418.0 
2000 1 1 0 32 52 577 404.0 
2000 1 1 0 32 52 665 386.0 
2000 1 1 0 32 52 754 368.0 
2000 1 1 0 32 52 843 348.0 
2000 1 1 0 32 52 932 331.0 
2000 1 1 0 32 53 21 318.0 
2000 1 1 0 32 53 109 296.0 
2000 1 1 0 32 53 198 283.0 
2000 1 1 0 32 53 287 271.0 
2000 1 1 0 32 53 376 283.0 
2000 1 1 0 32 53 465 294.0 
2000 1 1 0 32 53 553 313.0 
2000 1 1 0 32 53 642 322.0 
2000 1 1 0 32 53 731 334.0 
2000 1 1 0 32 53 820 349.0 
2000 1 1 0 32 53 909 361.0 
2000 1 1 0 32 53 997 370.0 
2000 1 1 0 32 54 86 376.0 
2000 1 1 0 32 54 175 368.0 
2000 1 1 0 32 54 264 355.0 
2000 1 1 0 32 54 353 346.0 
2000 1 1 0 32 54 442 327.0 
2000 1 1 0 32 54 530 318.0 
2000 1 1 0 32 54 619 301.0 
2000 1 1 0 32 54 708 293.0 
2000 1 1 0 32 54 797 284.0 
2000 1 1 0 32 54 885 279.0 
2000 1 1 0 32 54 974 288.0 
2000 1 1 0 32 55 63 306.0 
2000 1 1 0 32 55 152 319.0 
2000 1 1 0 32 55 241 331.0 
2000 1 1 0 32 55 329 345.0 
2000 1 1 0 32 55 418 353.0 
2000 1 1 0 32 55 507 368.0 
2000 1 1 0 32 55 596 373.0 
2000 1 1 0 32 55 685 380.0 
2000 1 1 0 32 55 773 371.0 
2000 1 1 0 32 55 862 354.0 
2000 1 1 0 32 55 951 336.0 
2000 1 1 0 32 56 40 319.0 
2000 1 1 0 32 56 129 299.0 
2000 1 1 0 32 56 218 291.0 
2000 1 1 0 32 56 306 274.0 
2000 1 1 0 32 56 395 270.0 
2000 1 1 0 32 56 484 272.0 
2000 1 1 0 32 56 573 282.0 
2000 1 1 0 32 56 662 289.0 
2000 1 1 0 32 56 750 302.0 
2000 1 1 0 32 56 839 315.0 
2000 1 1 0 32 56 928 330.0 
2000 1 1 0 32 57 17 328.0 
2000 1 1 0 32 57 106 321.0 
2000 1 1 0 32 57 195 302.0 
2000 1 1 0 32 57 283 291.0 
2000 1 1 0 32 57 372 277.0 
2000 1 1 0 32 57 461 268.0 
2000 1 1 0 32 57 550 273.0 
2000 1 1 0 32 57 639 282.0 
2000 1 1 0 32 57 727 297.0 
2000 1 1 0 32 57 816 316.0 
2000 1 1 0 32 57 905 332.0 
2000 1 1 0 32 57 994 348.0 
2000 1 1 0 32 58 83 358.0 
2000 1 1 0 32 58 172 356.0 
2000 1 1 0 32 58 260 344.0 
2000 1 1 0 32 58 349 325.0 
2000 1 1 0 32 58 438 303.0 
2000 1 1 0 32 58 527 292.0 
2000 1 1 0 32 58 616 280.0 
2000 1 1 0 32 58 705 273.0 
2000 1 1 0 32 58 793 275.0 
2000 1 1 0 32 58 882 291.0 
2000 1 1 0 32 58 971 309.0 
2000 1 1 0 32 59 60 326.0 
2000 1 1 0 32 59 148 346.0 
2000 1 1 0 32 59 374 351.0 
2000 1 1 0 32 59 406 345.0 
2000 1 1 0 32 59 435 340.0 
2000 1 1 0 32 59 504 326.0 
2000 1 1 0 32 59 593 306.0 
2000 1 1 0 32 59 682 283.0 
2000 1 1 0 32 59 771 273.0 
2000 1 1 0 32 59 859 267.0 
2000 1 1 0 32 59 948 275.0 
2000 1 1 0 33 0 37 290.0 
2000 1 1 0 33 0 126 308.0 
2000 1 1 0 33 0 215 326.0 
2000 1 1 0 33 0 304 339.0 
2000 1 1 0 33 0 393 356.0 
2000 1 1 0 33 0 482 353.0 
2000 1 1 0 33 0 571 345.0 
2000 1 1 0 33 0 660 328.0 
2000 1 1 0 33 0 749 305.0 
2000 1 1 0 33 0 837 288.0 
2000 1 1 0 33 0 926 276.0 
2000 1 1 0 33 1 15 265.0 
2000 1 1 0 33 1 104 269.0 
2000 1 1 0 33 1 193 283.0 
2000 1 1 0 33 1 282 297.0 
2000 1 1 0 33 1 371 319.0 
2000 1 1 0 33 1 460 338.0 
2000 1 1 0 33 1 549 349.0 
2000 1 1 0 33 1 638 358.0 
2000 1 1 0 33 1 727 353.0 
2000 1 1 0 33 1 816 338.0 
2000 1 1 0 33 1 904 323.0 
2000 1 1 0 33 1 993 303.0 
2000 1 1 0 33 2 82 284.0 
2000 1 1 0 33 2 171 267.0 
2000 1 1 0 33 2 260 262.0 
2000 1 1 0 33 2 349 273.0 
2000 1 1 0 33 2 438 293.0 
2000 1 1 0 33 2 527 313.0 
2000 1 1 0 33 2 616 337.0 
2000 1 1 0 33 2 705 356.0 
2000 1 1 0 33 2 794 363.0 
2000 1 1 0 33 2 883 346.0 
2000 1 1 0 33 2 972 332.0 
2000 1 1 0 33 3 60 311.0 
2000 1 1 0 33 3 149 291.0 
2000 1 1 0 33 3 238 276.0 
2000 1 1 0 33 3 327 276.0 
2000 1 1 0 33 3 416 289.0 
2000 1 1 0 33 3 505 309.0 
2000 1 1 0 33 3 594 326.0 
2000 1 1 0 33 3 683 347.0 
2000 1 1 0 33 3 772 367.0 
2000 1 1 0 33 3 861 373.0 
