2000 1 1 0 2 15 81 872.0 
2000 1 1 0 2 15 319 862.0 
2000 1 1 0 2 15 353 862.0 
2000 1 1 0 2 15 385 861.0 
2000 1 1 0 2 15 446 866.0 
2000 1 1 0 2 15 538 867.0 
2000 1 1 0 2 15 629 868.0 
2000 1 1 0 2 15 720 861.0 
2000 1 1 0 2 15 812 859.0 
2000 1 1 0 2 15 903 860.0 
2000 1 1 0 2 15 994 812.0 
2000 1 1 0 2 16 86 404.0 
2000 1 1 0 2 16 177 848.0 
2000 1 1 0 2 16 268 852.0 
2000 1 1 0 2 16 359 859.0 
2000 1 1 0 2 16 451 856.0 
2000 1 1 0 2 16 542 856.0 
2000 1 1 0 2 16 633 854.0 
2000 1 1 0 2 16 725 860.0 
2000 1 1 0 2 16 816 855.0 
2000 1 1 0 2 16 907 856.0 
2000 1 1 0 2 16 999 852.0 
2000 1 1 0 2 17 90 852.0 
2000 1 1 0 2 17 181 858.0 
2000 1 1 0 2 17 272 861.0 
2000 1 1 0 2 17 364 855.0 
2000 1 1 0 2 17 455 861.0 
2000 1 1 0 2 17 546 867.0 
2000 1 1 0 2 17 637 861.0 
2000 1 1 0 2 17 728 864.0 
2000 1 1 0 2 17 819 872.0 
2000 1 1 0 2 17 911 872.0 
2000 1 1 0 2 18 4 209.0 
2000 1 1 0 2 18 93 203.0 
2000 1 1 0 2 18 184 198.0 
2000 1 1 0 2 18 276 195.0 
2000 1 1 0 2 18 367 187.0 
2000 1 1 0 2 18 458 193.0 
2000 1 1 0 2 18 550 193.0 
2000 1 1 0 2 18 641 187.0 
2000 1 1 0 2 18 732 185.0 
2000 1 1 0 2 18 823 184.0 
2000 1 1 0 2 18 915 186.0 
2000 1 1 0 2 19 6 190.0 
2000 1 1 0 2 19 97 192.0 
2000 1 1 0 2 19 189 198.0 
2000 1 1 0 2 19 280 200.0 
2000 1 1 0 2 19 371 198.0 
2000 1 1 0 2 19 463 194.0 
2000 1 1 0 2 19 553 189.0 
2000 1 1 0 2 19 645 189.0 
2000 1 1 0 2 19 736 192.0 
2000 1 1 0 2 19 827 183.0 
2000 1 1 0 2 19 918 185.0 
2000 1 1 0 2 20 10 183.0 
2000 1 1 0 2 20 101 182.0 
2000 1 1 0 2 20 192 182.0 
2000 1 1 0 2 20 283 176.0 
2000 1 1 0 2 20 374 169.0 
2000 1 1 0 2 20 465 155.0 
2000 1 1 0 2 20 556 151.0 
2000 1 1 0 2 20 647 163.0 
2000 1 1 0 2 20 739 161.0 
2000 1 1 0 2 20 830 166.0 
2000 1 1 0 2 20 921 162.0 
2000 1 1 0 2 21 12 169.0 
2000 1 1 0 2 21 103 168.0 
2000 1 1 0 2 21 194 170.0 
2000 1 1 0 2 21 286 167.0 
2000 1 1 0 2 21 377 165.0 
2000 1 1 0 2 21 468 163.0 
2000 1 1 0 2 21 559 165.0 
2000 1 1 0 2 21 650 177.0 
2000 1 1 0 2 21 741 199.0 
2000 1 1 0 2 21 833 420.0 
2000 1 1 0 2 21 924 418.0 
2000 1 1 0 2 22 15 417.0 
2000 1 1 0 2 22 106 412.0 
2000 1 1 0 2 22 197 418.0 
2000 1 1 0 2 22 289 411.0 
2000 1 1 0 2 22 380 411.0 
2000 1 1 0 2 22 471 421.0 
2000 1 1 0 2 22 562 429.0 
2000 1 1 0 2 22 653 283.0 
2000 1 1 0 2 22 744 286.0 
2000 1 1 0 2 22 836 283.0 
2000 1 1 0 2 22 926 444.0 
2000 1 1 0 2 23 18 297.0 
2000 1 1 0 2 23 109 453.0 
2000 1 1 0 2 23 200 468.0 
2000 1 1 0 2 23 291 465.0 
2000 1 1 0 2 23 383 1013.0 
2000 1 1 0 2 23 473 102.0 
2000 1 1 0 2 23 565 84.0 
2000 1 1 0 2 23 656 84.0 
2000 1 1 0 2 23 747 81.0 
2000 1 1 0 2 23 838 861.0 
2000 1 1 0 2 23 929 863.0 
2000 1 1 0 2 24 20 855.0 
2000 1 1 0 2 24 112 864.0 
2000 1 1 0 2 24 203 864.0 
2000 1 1 0 2 24 294 862.0 
2000 1 1 0 2 24 385 852.0 
2000 1 1 0 2 24 476 858.0 
2000 1 1 0 2 24 569 855.0 
2000 1 1 0 2 24 658 849.0 
2000 1 1 0 2 24 749 850.0 
2000 1 1 0 2 24 840 849.0 
2000 1 1 0 2 24 931 852.0 
2000 1 1 0 2 25 22 847.0 
2000 1 1 0 2 25 113 845.0 
2000 1 1 0 2 25 204 841.0 
2000 1 1 0 2 25 296 839.0 
2000 1 1 0 2 25 387 846.0 
2000 1 1 0 2 25 478 836.0 
2000 1 1 0 2 25 569 836.0 
2000 1 1 0 2 25 660 836.0 
2000 1 1 0 2 25 751 836.0 
2000 1 1 0 2 25 842 837.0 
2000 1 1 0 2 25 933 267.0 
2000 1 1 0 2 26 24 842.0 
2000 1 1 0 2 26 116 473.0 
2000 1 1 0 2 26 207 844.0 
2000 1 1 0 2 26 298 836.0 
2000 1 1 0 2 26 389 845.0 
2000 1 1 0 2 26 480 839.0 
2000 1 1 0 2 26 571 835.0 
2000 1 1 0 2 26 662 839.0 
2000 1 1 0 2 26 753 842.0 
2000 1 1 0 2 26 844 841.0 
2000 1 1 0 2 26 935 850.0 
2000 1 1 0 2 27 27 844.0 
2000 1 1 0 2 27 118 839.0 
2000 1 1 0 2 27 209 839.0 
2000 1 1 0 2 27 300 844.0 
2000 1 1 0 2 27 391 839.0 
2000 1 1 0 2 27 482 843.0 
2000 1 1 0 2 27 573 841.0 
2000 1 1 0 2 27 665 837.0 
2000 1 1 0 2 27 756 841.0 
2000 1 1 0 2 27 847 847.0 
2000 1 1 0 2 27 938 841.0 
2000 1 1 0 2 28 29 843.0 
2000 1 1 0 2 28 120 837.0 
2000 1 1 0 2 28 211 839.0 
2000 1 1 0 2 28 302 848.0 
2000 1 1 0 2 28 394 850.0 
2000 1 1 0 2 28 485 851.0 
2000 1 1 0 2 28 576 83.0 
2000 1 1 0 2 28 667 81.0 
2000 1 1 0 2 28 758 67.0 
2000 1 1 0 2 28 849 67.0 
2000 1 1 0 2 28 940 68.0 
2000 1 1 0 2 29 170 -1.0 
2000 1 1 0 2 29 226 894.0 
2000 1 1 0 2 29 265 458.0 
2000 1 1 0 2 29 305 452.0 
2000 1 1 0 2 29 396 -1.0 
2000 1 1 0 2 29 487 441.0 
2000 1 1 0 2 29 578 441.0 
2000 1 1 0 2 29 669 436.0 
2000 1 1 0 2 29 760 426.0 
2000 1 1 0 2 29 851 434.0 
2000 1 1 0 2 29 943 429.0 
2000 1 1 0 2 30 34 432.0 
2000 1 1 0 2 30 125 424.0 
2000 1 1 0 2 30 216 295.0 
2000 1 1 0 2 30 307 423.0 
2000 1 1 0 2 30 398 420.0 
2000 1 1 0 2 30 489 427.0 
2000 1 1 0 2 30 581 416.0 
2000 1 1 0 2 30 672 417.0 
2000 1 1 0 2 30 763 415.0 
2000 1 1 0 2 30 854 414.0 
2000 1 1 0 2 30 945 411.0 
2000 1 1 0 2 31 36 416.0 
2000 1 1 0 2 31 127 410.0 
2000 1 1 0 2 31 218 406.0 
2000 1 1 0 2 31 309 403.0 
2000 1 1 0 2 31 401 399.0 
2000 1 1 0 2 31 492 199.0 
2000 1 1 0 2 31 583 196.0 
2000 1 1 0 2 31 674 192.0 
2000 1 1 0 2 31 768 188.0 
2000 1 1 0 2 31 856 179.0 
2000 1 1 0 2 31 947 184.0 
2000 1 1 0 2 32 38 177.0 
2000 1 1 0 2 32 130 180.0 
2000 1 1 0 2 32 221 175.0 
2000 1 1 0 2 32 312 175.0 
2000 1 1 0 2 32 403 170.0 
2000 1 1 0 2 32 494 170.0 
2000 1 1 0 2 32 585 170.0 
2000 1 1 0 2 32 676 169.0 
2000 1 1 0 2 32 767 173.0 
2000 1 1 0 2 32 858 169.0 
2000 1 1 0 2 32 949 174.0 
2000 1 1 0 2 33 41 170.0 
2000 1 1 0 2 33 132 173.0 
2000 1 1 0 2 33 223 179.0 
2000 1 1 0 2 33 314 179.0 
2000 1 1 0 2 33 405 181.0 
2000 1 1 0 2 33 496 183.0 
2000 1 1 0 2 33 587 186.0 
2000 1 1 0 2 33 678 188.0 
2000 1 1 0 2 33 769 192.0 
2000 1 1 0 2 33 860 196.0 
2000 1 1 0 2 33 951 200.0 
2000 1 1 0 2 34 42 207.0 
2000 1 1 0 2 34 134 200.0 
2000 1 1 0 2 34 225 199.0 
2000 1 1 0 2 34 316 203.0 
2000 1 1 0 2 34 407 213.0 
2000 1 1 0 2 34 498 219.0 
2000 1 1 0 2 34 589 232.0 
2000 1 1 0 2 34 680 8.0 
2000 1 1 0 2 34 771 8.0 
2000 1 1 0 2 34 862 240.0 
2000 1 1 0 2 34 953 8.0 
2000 1 1 0 2 35 44 254.0 
2000 1 1 0 2 35 135 899.0 
2000 1 1 0 2 35 226 898.0 
2000 1 1 0 2 35 317 902.0 
2000 1 1 0 2 35 409 897.0 
2000 1 1 0 2 35 500 895.0 
2000 1 1 0 2 35 591 897.0 
2000 1 1 0 2 35 682 8.0 
2000 1 1 0 2 35 773 8.0 
2000 1 1 0 2 35 864 8.0 
2000 1 1 0 2 35 955 8.0 
2000 1 1 0 2 36 46 8.0 
2000 1 1 0 2 36 137 894.0 
2000 1 1 0 2 36 228 8.0 
2000 1 1 0 2 36 319 8.0 
2000 1 1 0 2 36 410 8.0 
2000 1 1 0 2 36 501 8.0 
2000 1 1 0 2 36 592 8.0 
2000 1 1 0 2 36 683 8.0 
2000 1 1 0 2 36 774 8.0 
2000 1 1 0 2 36 865 8.0 
2000 1 1 0 2 36 956 8.0 
2000 1 1 0 2 37 47 8.0 
2000 1 1 0 2 37 138 8.0 
2000 1 1 0 2 37 229 8.0 
2000 1 1 0 2 37 320 8.0 
2000 1 1 0 2 37 411 8.0 
2000 1 1 0 2 37 502 8.0 
2000 1 1 0 2 37 593 8.0 
2000 1 1 0 2 37 684 876.0 
2000 1 1 0 2 37 775 866.0 
2000 1 1 0 2 37 866 873.0 
2000 1 1 0 2 37 957 868.0 
2000 1 1 0 2 38 48 853.0 
2000 1 1 0 2 38 139 849.0 
2000 1 1 0 2 38 230 844.0 
2000 1 1 0 2 38 321 838.0 
2000 1 1 0 2 38 412 362.0 
2000 1 1 0 2 38 503 829.0 
2000 1 1 0 2 38 594 824.0 
2000 1 1 0 2 38 685 825.0 
2000 1 1 0 2 38 776 825.0 
2000 1 1 0 2 38 868 818.0 
2000 1 1 0 2 38 960 817.0 
2000 1 1 0 2 39 49 809.0 
2000 1 1 0 2 39 140 797.0 
2000 1 1 0 2 39 231 786.0 
2000 1 1 0 2 39 322 777.0 
2000 1 1 0 2 39 413 775.0 
2000 1 1 0 2 39 504 773.0 
2000 1 1 0 2 39 595 768.0 
2000 1 1 0 2 39 686 773.0 
2000 1 1 0 2 39 777 780.0 
2000 1 1 0 2 39 868 781.0 
2000 1 1 0 2 39 959 780.0 
2000 1 1 0 2 40 50 778.0 
2000 1 1 0 2 40 141 778.0 
2000 1 1 0 2 40 232 779.0 
2000 1 1 0 2 40 323 775.0 
2000 1 1 0 2 40 414 775.0 
2000 1 1 0 2 40 505 771.0 
2000 1 1 0 2 40 596 776.0 
2000 1 1 0 2 40 687 776.0 
2000 1 1 0 2 40 778 779.0 
2000 1 1 0 2 40 869 778.0 
2000 1 1 0 2 40 960 776.0 
2000 1 1 0 2 41 51 785.0 
2000 1 1 0 2 41 142 788.0 
2000 1 1 0 2 41 233 784.0 
2000 1 1 0 2 41 324 777.0 
2000 1 1 0 2 41 415 135.0 
2000 1 1 0 2 41 506 119.0 
2000 1 1 0 2 41 597 119.0 
2000 1 1 0 2 41 688 119.0 
2000 1 1 0 2 41 779 119.0 
2000 1 1 0 2 41 870 128.0 
2000 1 1 0 2 41 961 8.0 
2000 1 1 0 2 42 52 132.0 
2000 1 1 0 2 42 143 8.0 
2000 1 1 0 2 42 237 8.0 
2000 1 1 0 2 42 325 8.0 
2000 1 1 0 2 42 416 8.0 
2000 1 1 0 2 42 507 136.0 
2000 1 1 0 2 42 598 8.0 
2000 1 1 0 2 42 689 8.0 
2000 1 1 0 2 42 780 8.0 
2000 1 1 0 2 42 871 8.0 
2000 1 1 0 2 42 961 8.0 
2000 1 1 0 2 43 52 134.0 
2000 1 1 0 2 43 283 8.0 
2000 1 1 0 2 43 312 8.0 
2000 1 1 0 2 43 341 8.0 
2000 1 1 0 2 43 416 151.0 
2000 1 1 0 2 43 507 166.0 
2000 1 1 0 2 43 598 8.0 
2000 1 1 0 2 43 689 195.0 
2000 1 1 0 2 43 780 213.0 
2000 1 1 0 2 43 871 230.0 
2000 1 1 0 2 43 962 248.0 
2000 1 1 0 2 44 53 260.0 
2000 1 1 0 2 44 144 8.0 
2000 1 1 0 2 44 235 8.0 
2000 1 1 0 2 44 326 288.0 
2000 1 1 0 2 44 417 8.0 
2000 1 1 0 2 44 508 308.0 
2000 1 1 0 2 44 599 315.0 
2000 1 1 0 2 44 690 332.0 
2000 1 1 0 2 44 780 341.0 
2000 1 1 0 2 44 871 347.0 
2000 1 1 0 2 44 962 343.0 
2000 1 1 0 2 45 53 345.0 
2000 1 1 0 2 45 144 344.0 
2000 1 1 0 2 45 235 341.0 
2000 1 1 0 2 45 326 347.0 
2000 1 1 0 2 45 417 348.0 
2000 1 1 0 2 45 508 350.0 
2000 1 1 0 2 45 599 351.0 
2000 1 1 0 2 45 690 354.0 
2000 1 1 0 2 45 781 353.0 
2000 1 1 0 2 45 872 358.0 
2000 1 1 0 2 45 963 353.0 
2000 1 1 0 2 46 54 344.0 
2000 1 1 0 2 46 144 340.0 
2000 1 1 0 2 46 235 338.0 
2000 1 1 0 2 46 326 339.0 
2000 1 1 0 2 46 417 342.0 
2000 1 1 0 2 46 508 344.0 
2000 1 1 0 2 46 599 338.0 
2000 1 1 0 2 46 690 338.0 
2000 1 1 0 2 46 781 338.0 
2000 1 1 0 2 46 872 8.0 
2000 1 1 0 2 46 963 339.0 
2000 1 1 0 2 47 54 344.0 
2000 1 1 0 2 47 145 344.0 
2000 1 1 0 2 47 236 340.0 
2000 1 1 0 2 47 327 329.0 
2000 1 1 0 2 47 418 8.0 
2000 1 1 0 2 47 508 8.0 
2000 1 1 0 2 47 599 7.0 
2000 1 1 0 2 47 690 7.0 
2000 1 1 0 2 47 781 219.0 
2000 1 1 0 2 47 872 200.0 
2000 1 1 0 2 47 963 189.0 
2000 1 1 0 2 48 53 185.0 
2000 1 1 0 2 48 144 174.0 
2000 1 1 0 2 48 235 169.0 
2000 1 1 0 2 48 326 163.0 
2000 1 1 0 2 48 417 156.0 
2000 1 1 0 2 48 508 150.0 
2000 1 1 0 2 48 598 145.0 
2000 1 1 0 2 48 689 141.0 
2000 1 1 0 2 48 780 138.0 
2000 1 1 0 2 48 871 135.0 
2000 1 1 0 2 48 962 132.0 
2000 1 1 0 2 49 53 129.0 
2000 1 1 0 2 49 144 133.0 
2000 1 1 0 2 49 235 131.0 
2000 1 1 0 2 49 326 134.0 
2000 1 1 0 2 49 419 138.0 
2000 1 1 0 2 49 507 147.0 
2000 1 1 0 2 49 598 8.0 
2000 1 1 0 2 49 689 145.0 
2000 1 1 0 2 49 780 155.0 
2000 1 1 0 2 49 871 8.0 
2000 1 1 0 2 49 962 162.0 
2000 1 1 0 2 50 53 8.0 
2000 1 1 0 2 50 144 158.0 
2000 1 1 0 2 50 235 8.0 
2000 1 1 0 2 50 326 158.0 
2000 1 1 0 2 50 416 154.0 
2000 1 1 0 2 50 508 154.0 
2000 1 1 0 2 50 598 154.0 
2000 1 1 0 2 50 689 153.0 
2000 1 1 0 2 50 780 152.0 
2000 1 1 0 2 50 871 156.0 
2000 1 1 0 2 50 962 150.0 
2000 1 1 0 2 51 52 150.0 
2000 1 1 0 2 51 143 153.0 
2000 1 1 0 2 51 234 161.0 
2000 1 1 0 2 51 325 160.0 
2000 1 1 0 2 51 416 163.0 
2000 1 1 0 2 51 507 160.0 
2000 1 1 0 2 51 598 164.0 
2000 1 1 0 2 51 689 157.0 
2000 1 1 0 2 51 780 156.0 
2000 1 1 0 2 51 870 154.0 
2000 1 1 0 2 51 961 154.0 
2000 1 1 0 2 52 52 152.0 
2000 1 1 0 2 52 143 150.0 
2000 1 1 0 2 52 234 156.0 
2000 1 1 0 2 52 325 157.0 
2000 1 1 0 2 52 416 158.0 
2000 1 1 0 2 52 507 153.0 
2000 1 1 0 2 52 598 152.0 
2000 1 1 0 2 52 691 152.0 
2000 1 1 0 2 52 779 158.0 
2000 1 1 0 2 52 870 163.0 
2000 1 1 0 2 52 961 159.0 
2000 1 1 0 2 53 52 156.0 
2000 1 1 0 2 53 143 150.0 
2000 1 1 0 2 53 234 150.0 
2000 1 1 0 2 53 325 150.0 
2000 1 1 0 2 53 415 155.0 
2000 1 1 0 2 53 506 167.0 
2000 1 1 0 2 53 597 208.0 
2000 1 1 0 2 53 688 211.0 
2000 1 1 0 2 53 779 220.0 
2000 1 1 0 2 53 870 366.0 
2000 1 1 0 2 53 961 361.0 
2000 1 1 0 2 54 51 353.0 
2000 1 1 0 2 54 142 349.0 
2000 1 1 0 2 54 233 351.0 
2000 1 1 0 2 54 324 349.0 
2000 1 1 0 2 54 415 348.0 
2000 1 1 0 2 54 506 349.0 
2000 1 1 0 2 54 597 350.0 
2000 1 1 0 2 54 688 347.0 
2000 1 1 0 2 54 778 351.0 
2000 1 1 0 2 54 869 343.0 
2000 1 1 0 2 54 960 343.0 
2000 1 1 0 2 55 51 346.0 
2000 1 1 0 2 55 142 351.0 
2000 1 1 0 2 55 233 354.0 
2000 1 1 0 2 55 324 346.0 
2000 1 1 0 2 55 415 343.0 
2000 1 1 0 2 55 505 353.0 
2000 1 1 0 2 55 596 8.0 
2000 1 1 0 2 55 687 353.0 
2000 1 1 0 2 55 778 353.0 
2000 1 1 0 2 55 869 361.0 
2000 1 1 0 2 55 960 356.0 
2000 1 1 0 2 56 50 356.0 
2000 1 1 0 2 56 141 351.0 
2000 1 1 0 2 56 232 8.0 
2000 1 1 0 2 56 323 8.0 
2000 1 1 0 2 56 414 355.0 
2000 1 1 0 2 56 505 8.0 
2000 1 1 0 2 56 595 208.0 
2000 1 1 0 2 56 686 8.0 
2000 1 1 0 2 56 777 8.0 
2000 1 1 0 2 56 868 8.0 
2000 1 1 0 2 56 959 8.0 
2000 1 1 0 2 57 49 8.0 
2000 1 1 0 2 57 282 8.0 
2000 1 1 0 2 57 313 8.0 
2000 1 1 0 2 57 344 8.0 
2000 1 1 0 2 57 413 199.0 
2000 1 1 0 2 57 504 8.0 
2000 1 1 0 2 57 595 8.0 
2000 1 1 0 2 57 685 8.0 
2000 1 1 0 2 57 776 8.0 
2000 1 1 0 2 57 867 8.0 
2000 1 1 0 2 57 958 8.0 
2000 1 1 0 2 58 49 194.0 
2000 1 1 0 2 58 140 195.0 
2000 1 1 0 2 58 231 201.0 
2000 1 1 0 2 58 321 207.0 
2000 1 1 0 2 58 412 8.0 
2000 1 1 0 2 58 503 210.0 
2000 1 1 0 2 58 594 213.0 
2000 1 1 0 2 58 684 601.0 
2000 1 1 0 2 58 775 217.0 
2000 1 1 0 2 58 866 663.0 
2000 1 1 0 2 58 957 783.0 
2000 1 1 0 2 59 48 696.0 
2000 1 1 0 2 59 139 751.0 
2000 1 1 0 2 59 229 649.0 
2000 1 1 0 2 59 320 653.0 
2000 1 1 0 2 59 411 609.0 
2000 1 1 0 2 59 502 661.0 
2000 1 1 0 2 59 593 636.0 
2000 1 1 0 2 59 683 713.0 
2000 1 1 0 2 59 774 686.0 
2000 1 1 0 2 59 868 688.0 
2000 1 1 0 2 59 956 665.0 
2000 1 1 0 3 0 47 627.0 
2000 1 1 0 3 0 138 609.0 
2000 1 1 0 3 0 228 612.0 
2000 1 1 0 3 0 319 656.0 
2000 1 1 0 3 0 410 758.0 
2000 1 1 0 3 0 501 666.0 
2000 1 1 0 3 0 592 809.0 
2000 1 1 0 3 0 682 638.0 
2000 1 1 0 3 0 773 635.0 
2000 1 1 0 3 0 864 621.0 
2000 1 1 0 3 0 955 640.0 
2000 1 1 0 3 1 46 612.0 
2000 1 1 0 3 1 136 618.0 
2000 1 1 0 3 1 227 615.0 
2000 1 1 0 3 1 318 661.0 
2000 1 1 0 3 1 409 686.0 
2000 1 1 0 3 1 500 643.0 
2000 1 1 0 3 1 590 630.0 
2000 1 1 0 3 1 681 621.0 
2000 1 1 0 3 1 772 685.0 
2000 1 1 0 3 1 865 636.0 
2000 1 1 0 3 1 954 621.0 
2000 1 1 0 3 2 44 213.0 
2000 1 1 0 3 2 135 210.0 
2000 1 1 0 3 2 226 200.0 
2000 1 1 0 3 2 317 200.0 
2000 1 1 0 3 2 408 196.0 
2000 1 1 0 3 2 498 197.0 
2000 1 1 0 3 2 589 191.0 
2000 1 1 0 3 2 680 194.0 
2000 1 1 0 3 2 771 193.0 
2000 1 1 0 3 2 862 182.0 
2000 1 1 0 3 2 952 181.0 
2000 1 1 0 3 3 43 184.0 
2000 1 1 0 3 3 134 181.0 
2000 1 1 0 3 3 225 180.0 
2000 1 1 0 3 3 315 172.0 
2000 1 1 0 3 3 406 177.0 
2000 1 1 0 3 3 497 187.0 
2000 1 1 0 3 3 588 191.0 
2000 1 1 0 3 3 678 182.0 
2000 1 1 0 3 3 769 187.0 
2000 1 1 0 3 3 860 187.0 
2000 1 1 0 3 3 951 197.0 
2000 1 1 0 3 4 41 345.0 
2000 1 1 0 3 4 132 350.0 
2000 1 1 0 3 4 223 342.0 
2000 1 1 0 3 4 314 346.0 
2000 1 1 0 3 4 405 346.0 
2000 1 1 0 3 4 495 347.0 
2000 1 1 0 3 4 586 347.0 
2000 1 1 0 3 4 677 342.0 
2000 1 1 0 3 4 768 346.0 
2000 1 1 0 3 4 859 346.0 
2000 1 1 0 3 4 949 351.0 
2000 1 1 0 3 5 40 354.0 
2000 1 1 0 3 5 131 347.0 
2000 1 1 0 3 5 222 352.0 
2000 1 1 0 3 5 313 356.0 
2000 1 1 0 3 5 403 352.0 
2000 1 1 0 3 5 494 202.0 
2000 1 1 0 3 5 585 352.0 
2000 1 1 0 3 5 675 353.0 
2000 1 1 0 3 5 766 357.0 
2000 1 1 0 3 5 857 347.0 
2000 1 1 0 3 5 947 351.0 
2000 1 1 0 3 6 38 352.0 
2000 1 1 0 3 6 129 352.0 
2000 1 1 0 3 6 220 353.0 
2000 1 1 0 3 6 310 353.0 
2000 1 1 0 3 6 401 354.0 
2000 1 1 0 3 6 492 363.0 
2000 1 1 0 3 6 583 361.0 
2000 1 1 0 3 6 673 210.0 
2000 1 1 0 3 6 764 199.0 
2000 1 1 0 3 6 855 202.0 
2000 1 1 0 3 6 946 200.0 
2000 1 1 0 3 7 36 201.0 
2000 1 1 0 3 7 127 200.0 
2000 1 1 0 3 7 218 198.0 
2000 1 1 0 3 7 308 191.0 
2000 1 1 0 3 7 399 197.0 
2000 1 1 0 3 7 490 197.0 
2000 1 1 0 3 7 580 206.0 
2000 1 1 0 3 7 671 209.0 
2000 1 1 0 3 7 762 701.0 
2000 1 1 0 3 7 853 645.0 
2000 1 1 0 3 7 943 638.0 
2000 1 1 0 3 8 34 633.0 
2000 1 1 0 3 8 125 653.0 
2000 1 1 0 3 8 216 626.0 
2000 1 1 0 3 8 306 630.0 
2000 1 1 0 3 8 397 622.0 
2000 1 1 0 3 8 488 625.0 
2000 1 1 0 3 8 578 734.0 
2000 1 1 0 3 8 669 699.0 
2000 1 1 0 3 8 760 682.0 
2000 1 1 0 3 8 851 682.0 
2000 1 1 0 3 8 941 726.0 
2000 1 1 0 3 9 32 792.0 
2000 1 1 0 3 9 123 594.0 
2000 1 1 0 3 9 214 715.0 
2000 1 1 0 3 9 304 723.0 
2000 1 1 0 3 9 395 747.0 
2000 1 1 0 3 9 486 698.0 
2000 1 1 0 3 9 576 724.0 
